# Airplanes
set AIRPLANES := Airplane1 Airplane2 Airplane3 Airplane4 Airplane5 Airplane6 Airplane7 Airplane8 Airplane9 Airplane10 Airplane11 Airplane12;

# Airports
set AIRPORTS := BER UCL SCR SDG DAV;

# Flights
set FLIGHTS := 1165 1432 1698 1843 1987 2135 2421 2600 2828 2972 3072 3250 3386 3571 3708 3984 4217 4461 4699 4858 5059 5172 5307 5531 5715 6005 6289 6522 6759 6942 7023 7398 7509 7961 8324 8456 8838 9122 9456 9785;

# Initial airports
param initial_airport :=
Airplane1 BER
Airplane2 UCL
Airplane3 SCR
Airplane4 SDG
Airplane5 DAV
Airplane6 UCL
Airplane7 BER
Airplane8 SCR
Airplane9 SDG
Airplane10 DAV
Airplane11 BER
Airplane12 UCL;

# Departure and arrival airports, times
param: dep_airport arr_airport dep_time arr_time :=
1165 SCR SDG 0.29791666666666666 0.36041666666666666
1432 BER UCL 0.3 0.3416666666666667
1698 DAV BER 0.30833333333333335 0.32916666666666666
1843 SDG BER 0.3145833333333333 0.3770833333333333
1987 UCL SDG 0.32708333333333334 0.34791666666666665
2135 BER UCL 0.3368055555555556 0.3784722222222222
2421 UCL SDG 0.34652777777777777 0.36736111111111114
2600 BER DAV 0.375 0.3958333333333333
2828 SCR DAV 0.38333333333333336 0.4041666666666667
2972 UCL SDG 0.4048611111111111 0.42569444444444443
3072 SDG SCR 0.41458333333333336 0.47708333333333336
3250 SDG UCL 0.41875 0.4395833333333333
3386 SDG SCR 0.4375 0.5
3571 BER DAV 0.44930555555555557 0.4701388888888889
3708 DAV BER 0.4583333333333333 0.4791666666666667
3984 UCL BER 0.4652777777777778 0.5069444444444444
4217 UCL BER 0.5159722222222223 0.5576388888888889
4461 SDG UCL 0.5194444444444445 0.5402777777777777
4699 SCR BER 0.5208333333333334 0.5416666666666666
4858 DAV SCR 0.5416666666666666 0.5625
5059 BER SCR 0.5416666666666666 0.5625
5172 DAV SDG 0.5486111111111112 0.6319444444444444
5307 BER DAV 0.55625 0.5770833333333333
5531 UCL BER 0.5881944444444445 0.6298611111111111
5715 SCR BER 0.5979166666666667 0.61875
6005 BER UCL 0.6041666666666666 0.6458333333333334
6289 BER DAV 0.6236111111111111 0.6444444444444445
6522 SCR BER 0.625 0.6458333333333334
6759 DAV UCL 0.6388888888888888 0.7013888888888888
6942 SCR UCL 0.6645833333333333 0.70625
7023 SDG SCR 0.6784722222222223 0.7409722222222223
7398 BER SCR 0.6798611111111111 0.7006944444444444
7509 UCL SDG 0.6895833333333333 0.7104166666666667
7961 BER UCL 0.69375 0.7354166666666667
8324 BER DAV 0.7104166666666667 0.73125
8456 DAV UCL 0.7243055555555555 0.7868055555555555
8838 UCL BER 0.75 0.7916666666666666
9122 UCL SDG 0.7534722222222222 0.7708333333333334
9456 SDG SCR 0.75625 0.81875
9785 SCR BER 0.7645833333333333 0.7854166666666667;

# Revenue data (from airplane_data.xlsx, revenue_per_flight)
param revenue: 
    1165 1432 1698 1843 1987 2135 2421 2600 2828 2972 3072 3250 3386 3571 3708 3984 4217 4461 4699 4858 5059 5172 5307 5531 5715 6005 6289 6522 6759 6942 7023 7398 7509 7961 8324 8456 8838 9122 9456 9785 :=
Airplane1 9192 8599 10436 9665 8589 8606 7628 8412 10305 8954 7916 10545 9752 8257 10152 10992 11032 7788 8951 8904 9287 8403 10254 7938 9534 10001 8711 7735 8480 9665 9249 9169 10186 9515 10227 9078 10522 11472 8167 9403
Airplane2 8940 8405 9339 9025 9275 9281 9152 9910 9652 7839 7314 7343 8234 9599 9286 8360 8501 10359 8377 8126 8261 9440 8465 8019 10444 9231 9232 10676 9142 7839 6948 9791 8191 7675 7812 7615 8383 8869 9449 8174
Airplane3 9778 8314 10744 8452 8056 8197 8120 9817 7773 9511 9570 9807 9571 9470 8252 9576 9070 7659 9246 6866 8750 9937 7179 8776 10407 9740 10212 11363 9748 8254 7787 6994 9658 7279 10635 9593 7800 8539 7656 9976
Airplane4 7936 8992 11696 8240 8333 9342 9069 9260 9914 8570 9103 10373 7439 8698 9114 9227 7587 10276 9357 10242 9571 9777 9759 7890 8806 9544 10504 9281 9836 8457 10587 9242 6392 9167 8117 9969 8035 7672 7534 7833
Airplane5 7656 9569 10578 8396 6941 9178 7011 7516 9798 8850 8321 8775 9478 10019 10814 8040 8215 8635 9091 10220 7631 8757 9092 6858 10776 9172 10066 8029 8805 7947 7699 10513 7341 8267 8011 9730 9421 9495 8171 9847
Airplane6 10235 11499 8595 8584 10962 10659 9583 9322 10146 8463 9941 9425 8502 8083 11058 9359 7978 8792 8174 10594 8607 10907 9493 9047 6957 9276 8429 8458 10698 7951 10657 8342 9361 9468 9763 10278 9842 10557 9562 7814
Airplane7 9167 9166 8810 7234 7972 9595 9014 9242 10099 9663 9343 11072 8247 8744 8683 9468 8753 7778 8763 9691 9887 9806 10014 10139 9637 9676 9801 6916 9971 11064 9206 11606 9161 9056 8609 7242 9302 8763 9540 8469
Airplane8 10320 10325 8932 9842 8183 9753 8564 9683 9023 10022 8372 9374 11012 8726 11431 9143 7692 10235 8616 10120 10778 8711 8811 11521 9196 9651 11476 9659 10233 7410 10890 8833 9667 8173 7731 10945 8664 7892 7726 9546
Airplane9 7439 7673 8316 9185 8422 9272 8261 9343 7074 7695 9361 9394 8218 10719 7936 9395 9301 8090 8690 7279 8683 8499 10524 8420 10644 8619 9205 9430 10253 9532 8398 9824 9510 8760 6681 9746 9318 8864 8621 8421
Airplane10 10256 8207 8389 9245 8964 9515 8543 9324 8845 10376 9469 7050 8993 9111 7451 9717 7819 8579 9810 8087 9671 11724 10244 8474 10548 8748 9261 9615 7970 7799 9203 8421 7760 9098 9216 9439 9569 9176 8269 8725
Airplane11 9462 9078 11935 10283 9841 10055 9958 9854 11622 10716 8632 8187 7952 9804 8227 9319 9237 9401 10677 9009 8934 11144 9318 9801 8513 10555 9379 9116 10340 9566 8503 8632 8659 6954 10332 9562 9712 10878 11301 9919
Airplane12 10287 8292 9937 9108 8840 6970 8475 8868 8640 6849 9906 9112 6376 8822 10137 10007 7959 9673 7565 10113 8886 11151 9562 9247 8814 8235 9401 10432 9776 8018 10227 9550 6136 8812 8348 9948 8565 9248 11088 9101
;

# Cost data (from airplane_data.xlsx, cost_per_flight)
param cost: 
    1165 1432 1698 1843 1987 2135 2421 2600 2828 2972 3072 3250 3386 3571 3708 3984 4217 4461 4699 4858 5059 5172 5307 5531 5715 6005 6289 6522 6759 6942 7023 7398 7509 7961 8324 8456 8838 9122 9456 9785 :=
Airplane1 8043 7748 9430 8651 7689 7550 6802 7424 9316 7990 6876 9615 8721 7203 9175 10038 10173 6854 7805 7947 8185 7587 9320 7145 8340 8832 7697 6747 7502 8893 7930 8120 9108 8785 9187 8200 9504 10712 7268 8340
Airplane2 7922 7534 8354 8127 8101 8281 8133 9178 8566 6697 6480 6325 7431 8622 8203 7267 7606 9520 7460 7225 7193 8442 7267 7114 9586 8223 8107 9596 8350 6914 6007 8721 7291 6701 6869 6597 7177 7838 8446 7115
Airplane3 8659 7260 9747 7362 7374 7063 6970 8662 6770 8660 8552 8783 8701 8359 7335 8560 8037 6736 8396 5930 7735 8976 5998 7749 9543 8657 9251 10357 8805 7384 6960 6027 8683 6153 9446 8417 6864 7600 6741 9151
Airplane4 6899 8073 10715 7173 7442 8299 8172 8292 8844 7598 8114 9386 6264 7653 8067 8252 6675 9194 8323 9238 8548 8755 8719 7078 7720 8784 9361 8114 8856 7582 9413 8189 5384 8263 7184 9068 7241 6564 6407 7011
Airplane5 6666 8558 9626 7432 5883 8163 6133 6629 8851 8031 7455 7689 8400 9092 9902 7059 7140 7560 8075 9247 6588 7695 8123 6001 9634 8125 9081 7210 7808 6852 6815 9490 6333 7123 7030 8552 8330 8515 7355 8786
Airplane6 9116 10393 7665 7495 9951 9684 8607 8325 9142 7449 8835 8319 7474 7116 10110 8512 7014 7862 7113 9621 7683 10056 8457 7938 5927 8235 7256 7599 9687 7142 9759 7436 8430 8424 8650 9373 8884 9621 8437 6792
Airplane7 8162 7956 7814 6436 7219 8428 7940 8402 9021 8538 8381 10129 7170 7848 7512 8499 7870 6788 7771 8738 9098 8778 8806 9085 8525 8607 8693 5891 8991 9913 8096 10481 8295 8008 7619 6096 8403 7831 8562 7483
Airplane8 9127 9346 8082 8777 7243 8877 7497 8707 7914 8919 7236 8320 9920 7859 10386 8224 6696 9224 7606 9076 9989 7584 7807 10474 8153 8953 10430 8530 9198 6369 9857 7883 8639 7130 6744 10238 7567 6961 6709 8581
Airplane9 6515 6615 7284 8063 7311 8292 7145 8403 6038 6556 8280 8290 7082 9798 6810 8426 8264 7029 7769 6445 7654 7595 9538 7316 9543 7626 8271 8440 9296 8525 7382 8924 8416 7697 5694 8751 8325 7895 7833 7519
Airplane10 9185 7020 7345 8248 7976 8553 7667 8370 7900 9353 8487 6124 8083 8190 6299 8713 6715 7786 8779 6796 8580 10656 9125 7434 9483 7621 8364 8650 6785 6938 8121 7407 6733 8014 8310 8421 8425 8163 7280 7781
Airplane11 8349 8077 10914 9265 8662 8960 8890 8808 10686 9695 7657 7171 6973 8874 7177 8266 8418 8438 9670 8093 7900 10211 8161 8978 7655 9766 8295 8025 9381 8490 7493 7531 7613 5682 9209 8456 8786 9798 10303 8885
Airplane12 9204 7242 8973 8116 7918 5877 7678 7595 7539 5918 8899 8199 5292 7685 9259 9121 6941 8676 6523 9046 7895 10193 8581 8449 7893 7197 8348 9449 8805 6972 9147 8691 5106 7768 7547 9041 7542 8203 10185 7925
;

# Leasing revenue (from airplane_data.xlsx)
param leasing :=
Airplane1 12035
Airplane2 12611
Airplane3 12417
Airplane4 13927
Airplane5 13256
Airplane6 10567
Airplane7 11179
Airplane8 12275
Airplane9 8752
Airplane10 12100
Airplane11 8997
Airplane12 11732;