x [*,*] (tr)
# $2 = Airplane10
# $3 = Airplane11
# $4 = Airplane12
# $8 = Airplane5
# $9 = Airplane6
# $10 = Airplane7
# $11 = Airplane8
# $12 = Airplane9
:    Airplane1  $2  $3  $4 Airplane2 Airplane3 Airplane4  $8  $9 $10 $11 $12 :=
1165      0      0   0   0      0         0         0      0   0   0   0   0
1432      0      0   1   0      0         0         0      0   0   0   0   0
1698      0      0   0   0      0         0         0      0   0   0   0   0
1843      0      0   0   0      0         0         0      0   0   0   0   1
1987      0      0   0   0      0         0         0      0   0   0   0   0
2135      0      0   1   0      0         0         0      0   0   0   0   0
2421      0      0   0   0      0         0         0      0   0   0   0   0
2600      0      0   1   0      0         0         0      0   0   0   0   0
2828      0      0   0   0      0         0         0      0   0   0   0   0
2972      0      0   0   0      0         0         0      0   0   0   0   0
3072      0      0   0   0      0         0         0      0   0   0   0   1
3250      0      0   0   0      0         0         0      0   0   0   0   1
3386      0      0   0   0      0         0         0      0   0   0   0   1
3571      0      0   1   0      0         0         0      0   0   0   0   0
3708      0      0   0   0      0         0         0      0   0   0   0   0
3984      0      0   0   0      0         0         0      0   0   0   0   0
4217      0      0   0   0      0         0         0      0   0   0   0   0
4461      0      0   0   0      0         0         0      0   0   0   0   1
4699      0      0   0   0      0         0         0      0   0   0   0   0
4858      0      0   1   0      0         0         0      0   0   0   0   0
5059      0      0   1   0      0         0         0      0   0   0   0   0
5172      0      0   1   0      0         0         0      0   0   0   0   0
5307      0      0   0   0      0         0         0      0   0   0   0   0
5531      0      0   0   0      0         0         0      0   0   0   0   1
5715      0      0   0   0      0         0         0      0   0   0   0   1
6005      0      0   1   0      0         0         0      0   0   0   0   0
6289      0      0   0   0      0         0         0      0   0   0   0   0
6522      0      0   0   0      0         0         0      0   0   0   0   1
6759      0      0   1   0      0         0         0      0   0   0   0   0
6942      0      0   0   0      0         0         0      0   0   0   0   0
7023      0      0   1   0      0         0         0      0   0   0   0   0
7398      0      0   1   0      0         0         0      0   0   0   0   0
7509      0      0   0   0      0         0         0      0   0   0   0   0
7961      0      0   1   0      0         0         0      0   0   0   0   0
8324      0      0   0   0      0         0         0      0   0   0   0   0
8456      0      0   1   0      0         0         0      0   0   0   0   0
8838      0      0   0   0      0         0         0      0   0   0   0   1
9122      0      0   0   0      0         0         0      0   0   0   0   0
9456      0      0   1   0      0         0         0      0   0   0   0   0
9785      0      0   0   0      0         0         0      0   0   0   0   1
;

